[ 0.36272528  0.42798348  0.42576444  0.57826509  0.23283557  0.46250626
  0.50090007  0.54109749  0.42040672  0.62015038  0.22904222  0.7171794
  0.51472212  0.3658917  -0.03057381  0.42337265  0.42847555  0.61019911
  0.20449732  0.60737309  0.35885442  0.04593584  0.33137109  0.50229865
  0.09754638  0.40657653  0.20749188  0.74108479  0.43389     0.41337779
  0.15194841  0.67182709  0.31572315  0.7544596   0.34650074  0.69585129]
[0.63591005 0.60488667 0.27790169 0.58202019 0.45480716 0.49250021
 0.44287913 0.6093325  0.36365409 0.55125029 0.6652582  0.66982007
 0.59791784 0.24306653 0.56372313 0.42641734 0.21525804 0.38934513
 0.66102819 0.30093304 0.69919089 0.58854131 0.34808536 0.23280091
 0.56841071 0.53903428 0.08865434 0.49369771 0.73185182 0.43097782
 0.58152655 0.35158316 0.43105471 0.68174316 0.40188135 0.66851267]
[0.3968234  0.20217974 0.53936102 0.6445892  0.32223684 0.64878847
 0.48968278 0.13709313 0.36589514 0.51663661 0.47055666 0.62622306
 0.59756352 0.19933296 0.3526619  0.32175151 0.3739042  0.69673521
 0.52668514 0.77388944 0.87929124 0.12766439 0.34705435 0.44577733
 0.4710048  0.35245987 0.39630002 0.52184786 0.22082148 0.58966922
 0.47363201 0.7389232  0.66163265 0.22591434 0.33091571 0.21565994]
[ 0.61914195  0.74292566  0.44953925  0.71446964  0.51371544  0.66609422
  0.47786349  0.66731044  0.5116613   0.44443074  0.62283036  0.51559688
  0.4454      0.58057334  0.52587381 -0.02499247  0.62174189  0.59115621
  0.47724011  0.39571179  0.67105166  0.41071232  0.48038434  0.60623317
  0.52434361  0.61383899  0.15204643  0.54249001  0.1613612   0.51102532
  0.50533702  0.69358423 -0.10100293  0.58491893  0.24013573  0.65738626]
[ 0.61557538  0.4502814   0.65903658  0.43609627  0.45867505  0.59276323
  0.27072918  0.90774802  0.44832628  0.59921687  0.63818694  0.49343967
  0.45448637  0.61242499  0.57007883  0.62442416  0.44586436  0.31833437
  0.48690159  0.52482612  0.70018295  0.07216234  0.65304702  0.41204341
  0.57246873  0.6306654   0.19438258  0.46768673  0.69515809  0.40672542
  0.32309606  0.58034585  0.23910395 -0.02563061  0.39612206  0.15207281]
[0.64433223 0.85443822 0.51118313 0.58450115 0.3384198  0.49635203
 0.16707132 0.74821913 0.39181328 0.79214382 0.68896948 0.46690643
 0.44812705 0.50535015 0.40986159 0.22184271 0.47970924 0.49419588
 0.71265668 0.40968418 0.40106932 0.64157566 0.74618229 0.27905688
 0.4300744  0.46401517 0.5238188  0.43626186 0.49026686 0.47122401
 0.3835192  0.48718564 0.67881069 0.39739893 0.40835634 0.6738439 ]
[0.66423478 0.2258043  0.66789799 0.59486344 0.63779624 0.7970494
 0.46124831 0.66020899 0.41636938 0.71310032 0.70043353 0.61784572
 0.45934087 0.55564272 0.50834563 1.0111254  0.19855647 0.39289002
 0.41677565 0.60365053 0.34751514 0.67630641 0.55051941 0.43313899
 0.52008864 0.70977279 0.5736358  0.49206501 0.56442583 0.59244016
 0.56696807 0.36864477 0.10772993 0.87070084 0.6084912  0.49520774]
[ 0.44082428  0.77725144  0.42332163  0.88826066  0.24568826  0.70042552
  0.32400505  0.39482826  0.38478908  0.63329466  0.69343396  0.57421734
  0.28403181  0.27023724  0.57927983  0.30065702  0.37270597  0.45028246
  0.10050123  0.08783339  0.7838711   0.48571658  0.37961953  0.42428636
 -0.05515695  0.89344658  0.16020107  0.85998658  0.66881068  0.55611097
  0.37159295  0.40291789  0.54834171  0.72718549  0.47434007  0.76263821]
